# gaia,tmass,pmra,pmdec,d,plx,m_h,m_h_err,alpha_m,alpha_m_err
2738373501849706752,00045576+0104489,163.518352083,-74.7271390462,331.980112695,3.01222862984,-0.842539012432,0.0171272046864,0.0278470013291,0.0169192813337
2365649471033828096,00054598-1940128,-24.9286976552,-178.209752961,463.853717447,2.15585207661,-1.27406156063,0.0188812464476,0.21850900352,0.0205231569707
2422973128223412224,00234747-1404550,82.5716919204,-253.623548489,238.716442502,4.18907047004,-1.46176159382,0.0216098632663,0.216508999467,0.0234180390835
2547406061730827008,00282185+0145026,91.7071386606,-23.1713778863,666.724905669,1.49986897369,-0.992641568184,0.0214823018759,0.291568994522,0.0210398323834
2543364875460803584,00380791+0040359,86.8693627992,-14.2631693195,509.155182663,1.96403775126,-0.589769005775,0.0209549125284,0.234874993563,0.0193313285708
2543114049370748288,00411285+0017050,115.617252314,-1.36360372061,398.250500001,2.51098240931,-0.841709017754,0.0184375494719,0.286374986172,0.0174885503948
2550214862966244864,00414249+0152548,102.827509319,-150.295255225,315.098672552,3.17360905364,-0.790609002113,0.0167238004506,0.157384991646,0.019024733454
2550214862966244864,00414249+0152548,102.827509319,-150.295255225,315.098672552,3.17360905364,-0.709019005299,0.0204848274589,0.106305003166,0.0217818859965
2550214862966244864,00414249+0152548,102.827509319,-150.295255225,315.098672552,3.17360905364,-0.790609002113,0.0167238004506,0.157384991646,0.019024733454
2550214862966244864,00414249+0152548,102.827509319,-150.295255225,315.098672552,3.17360905364,-0.709019005299,0.0204848274589,0.106305003166,0.0217818859965
2550420510295875712,00425066+0240086,77.1054620691,-51.8507506182,807.533125426,1.23833929348,-1.43536150455,0.0340696498752,0.210428997874,0.0333193317056
2550420510295875712,00425066+0240086,77.1054620691,-51.8507506182,807.533125426,1.23833929348,-1.48186159134,0.0295651238412,0.216029003263,0.0303381457925
2550420510295875712,00425066+0240086,77.1054620691,-51.8507506182,807.533125426,1.23833929348,-1.43536150455,0.0340696498752,0.210428997874,0.0333193317056
2550420510295875712,00425066+0240086,77.1054620691,-51.8507506182,807.533125426,1.23833929348,-1.48186159134,0.0295651238412,0.216029003263,0.0303381457925
2551608017213470464,00545307+0325274,79.5559819138,-13.8257847114,806.25729007,1.2402988628,-0.61741900444,0.0178343057632,0.225964993238,0.0164502710104
2580743146908718080,01001184+0812508,51.6289767901,-1.01069759451,939.741586361,1.06412232311,-0.293458998203,0.0104468250647,0.0518940016627,0.00653394684196
2580048775251306880,01204197+1012031,8.49778912768,-67.735821383,713.208196979,1.40211512464,-0.392221540213,0.00982554350048,0.197568997741,0.0101163135841
5139440986896483328,01485167-1906240,87.8847072006,-2.66732011683,888.192487521,1.12588207404,-1.0163615942,0.0397578813136,0.147459000349,0.0326285511255
2505027821282824704,01591139-0155218,-43.7406656118,-143.886419335,357.535642954,2.79692394229,-0.554459035397,0.0142642818391,0.207024991512,0.00969533156604
2505027821282824704,01591139-0155218,-43.7406656118,-143.886419335,357.535642954,2.79692394229,-0.554459035397,0.0142642818391,0.207024991512,0.00969533156604
76790270041124096,02042109+1308250,53.445978471,-67.3893017392,664.814838055,1.5041782204,-0.610781550407,0.0173943471164,0.0923289954662,0.0166246071458
74269296037442944,02135761+1401539,41.3604476175,-52.2493975169,977.333158141,1.02319254358,-1.48786151409,0.0153738837689,0.148699000478,0.0184180717915
2489408743213972864,02224187-0531045,54.2305993182,-75.0827076695,834.673186589,1.19807370845,-2.1916615963,0.0242053493857,0.376408994198,0.0306868497282
5158028162244397824,02454320-1356125,55.0858843759,-6.44775986886,846.483329249,1.18135817381,-0.552591562271,0.00854218285531,0.235869005322,0.00938564073294
3264641136027394048,03311075+0038011,84.0726070757,-57.7797028001,484.890305976,2.06232211219,-0.575479030609,0.0188515260816,0.278214991093,0.0186795983464
3264641136027394048,03311075+0038011,84.0726070757,-57.7797028001,484.890305976,2.06232211219,-0.576149046421,0.0179347824305,0.251805007458,0.0176503080875
3264641136027394048,03311075+0038011,84.0726070757,-57.7797028001,484.890305976,2.06232211219,-0.575479030609,0.0188515260816,0.278214991093,0.0186795983464
3264641136027394048,03311075+0038011,84.0726070757,-57.7797028001,484.890305976,2.06232211219,-0.576149046421,0.0179347824305,0.251805007458,0.0176503080875
3247111415988246400,03344231-0648301,55.8963338637,-95.6081658647,439.5049249,2.27528735936,-0.584708988667,0.0146692888811,0.174324989319,0.0123520614579
3247818539403599232,03412325-0507307,28.1341773237,-59.310228294,809.928757121,1.23467649618,-0.561851561069,0.00879223179072,0.268778979778,0.00965051259845
216707801896654848,03451097+3221007,73.3509503881,-79.3134561715,571.308918453,1.75036651398,-0.629471540451,0.00921773444861,0.200418993831,0.0101773589849
216707801896654848,03451097+3221007,73.3509503881,-79.3134561715,571.308918453,1.75036651398,-0.657931566238,0.00917381606996,0.232298985124,0.0101841604337
216707801896654848,03451097+3221007,73.3509503881,-79.3134561715,571.308918453,1.75036651398,-0.629471540451,0.00921773444861,0.200418993831,0.0101773589849
216707801896654848,03451097+3221007,73.3509503881,-79.3134561715,571.308918453,1.75036651398,-0.657931566238,0.00917381606996,0.232298985124,0.0101841604337
3197521276912272896,04074719-0518119,138.84423709,-47.169823368,493.395999659,2.02676957391,-1.78716158867,0.0185526032001,0.328399002552,0.0227921754122
148992625953529216,04132788+2314474,-38.9778594429,-69.9925857998,839.240401148,1.19155369383,-1.81376159191,0.0169616173953,0.191848993301,0.0213325265795
4676601464106231040,04234328-6217031,28.9524148412,-106.744744898,456.70213652,2.18961095216,-1.5204615593,0.0152319222689,0.27922898531,0.018410872668
3214008556849894912,05200937-0239408,210.095645121,-135.590892819,190.795534516,5.2412128121,-0.756408989429,0.01617179811,0.217944994569,0.0135303083807
190731736613109120,05313118+3916413,189.055691856,-178.731296551,213.438044038,4.68520035642,-0.485068976879,0.0169951915741,0.246755003929,0.00703870691359
3374633977170787072,06031481+1921394,668.447101674,-621.720601163,69.4268567784,14.4036479023,-1.22816157341,0.0158554986119,0.161519005895,0.0176818631589
868860442188268928,07432162+2606085,14.0589156356,-68.660595801,880.903544804,1.13519806555,-0.43247154355,0.00962447468191,0.159218996763,0.0100420974195
671729762654865408,07462853+1914111,45.5828345881,-58.9131505857,795.154325106,1.25761750698,-1.2118614912,0.0129015529528,0.221849009395,0.015095949173
927247778094335872,07475718+4606456,63.4495009449,-73.3607853383,660.125214069,1.51486411773,-1.29256153107,0.0137463547289,0.1848089993,0.0161581616849
671844077505007488,07483370+1942088,169.950999001,-318.805427767,163.222181735,6.1266182658,-0.8261089921,0.0189369954169,0.235844999552,0.0114036304876
671844077505007488,07483370+1942088,169.950999001,-318.805427767,163.222181735,6.1266182658,-0.807609021664,0.0181339960545,0.231624990702,0.0110583174974
671844077505007488,07483370+1942088,169.950999001,-318.805427767,163.222181735,6.1266182658,-0.8261089921,0.0189369954169,0.235844999552,0.0114036304876
671844077505007488,07483370+1942088,169.950999001,-318.805427767,163.222181735,6.1266182658,-0.807609021664,0.0181339960545,0.231624990702,0.0110583174974
882273629349368704,07513978+3357592,-6.90027701793,-169.342336987,382.96176346,2.61122674745,-1.99106156826,0.0208940133452,0.304319024086,0.0261603947729
668758091963697920,07522887+1908245,-22.8839559376,-172.093245845,383.78960303,2.60559429465,-1.33776152134,0.0331169329584,0.4114189744,0.0312577262521
668758091963697920,07522887+1908245,-22.8839559376,-172.093245845,383.78960303,2.60559429465,-1.23624897003,0.0351404547691,0.431885004044,0.0451948568225
668758091963697920,07522887+1908245,-22.8839559376,-172.093245845,383.78960303,2.60559429465,-1.33776152134,0.0331169329584,0.4114189744,0.0312577262521
668758091963697920,07522887+1908245,-22.8839559376,-172.093245845,383.78960303,2.60559429465,-1.23624897003,0.0351404547691,0.431885004044,0.0451948568225
668758091963697920,07522887+1908245,-22.8839559376,-172.093245845,383.78960303,2.60559429465,-1.33776152134,0.0331169329584,0.4114189744,0.0312577262521
668758091963697920,07522887+1908245,-22.8839559376,-172.093245845,383.78960303,2.60559429465,-1.23624897003,0.0351404547691,0.431885004044,0.0451948568225
669926288707840768,07585384+1835083,-38.2359248591,-276.546870062,184.458270601,5.4212803619,-1.1347489357,0.0205372311175,0.264375001192,0.0187519080937
669926288707840768,07585384+1835083,-38.2359248591,-276.546870062,184.458270601,5.4212803619,-1.1524490118,0.0220444500446,0.293904989958,0.0203056894243
669926288707840768,07585384+1835083,-38.2359248591,-276.546870062,184.458270601,5.4212803619,-1.1347489357,0.0205372311175,0.264375001192,0.0187519080937
669926288707840768,07585384+1835083,-38.2359248591,-276.546870062,184.458270601,5.4212803619,-1.1524490118,0.0220444500446,0.293904989958,0.0203056894243
922128172781301760,07590116+4042585,52.6092365062,-100.804067441,487.305871282,2.05209922337,-1.99906158447,0.0428102426231,0.332579016685,0.044803801924
933340275102388736,08003425+4902446,41.4620720446,-62.3878643348,695.883614719,1.43702190833,-1.09736156464,0.0121855484322,0.207418993115,0.0140754207969
881215693005560064,08010591+3245571,164.709115092,-207.780275392,226.960269442,4.40605751157,-1.46846151352,0.0249600652605,0.369648993015,0.0262876152992
881215693005560064,08010591+3245571,164.709115092,-207.780275392,226.960269442,4.40605751157,-1.34624898434,0.0302595216781,0.356164991856,0.0438224598765
881215693005560064,08010591+3245571,164.709115092,-207.780275392,226.960269442,4.40605751157,-1.46846151352,0.0249600652605,0.369648993015,0.0262876152992
881215693005560064,08010591+3245571,164.709115092,-207.780275392,226.960269442,4.40605751157,-1.34624898434,0.0302595216781,0.356164991856,0.0438224598765
905624473184387328,08013667+3435161,-4.03876476444,-159.409813232,421.914860068,2.37014643153,-0.789491534233,0.0174999535084,0.255958974361,0.0168866552413
935766794186144768,08023221+5041593,4.59469890022,-76.7513836014,665.970948929,1.50156700019,-1.03866159916,0.0384901091456,0.323539018631,0.0324603617191
935766794186144768,08023221+5041593,4.59469890022,-76.7513836014,665.970948929,1.50156700019,-1.03866159916,0.0384901091456,0.323539018631,0.0324603617191
932820785922327936,08044429+4659494,10.2536142423,-205.508426953,251.587851304,3.97475472212,-2.02506160736,0.0390516147017,0.374929010868,0.0421401336789
1032532510443878912,08080990+5335147,-55.3895661189,-68.6743791123,761.457167155,1.31327150513,-1.1942615509,0.0256596058607,0.184219002724,0.0250859055668
909457645597008640,08132596+3951571,-4.59914996333,-205.793598617,638.455355059,1.56628022943,-1.97086155415,0.11115090549,0.167768999934,0.0840970054269
932054087016295424,08143378+4938152,37.5926837642,-101.966374493,716.757450741,1.39517210315,-9999.99023438,-999.989990234,-9999.99023438,-999.989990234
932054087016295424,08143378+4938152,37.5926837642,-101.966374493,716.757450741,1.39517210315,-9999.99023438,-999.989990234,-9999.99023438,-999.989990234
932054087016295424,08143378+4938152,37.5926837642,-101.966374493,716.757450741,1.39517210315,-9999.99023438,-999.989990234,-9999.99023438,-999.989990234
932054087016295424,08143378+4938152,37.5926837642,-101.966374493,716.757450741,1.39517210315,-9999.99023438,-999.989990234,-9999.99023438,-999.989990234
663541252887478912,08160733+1941519,134.943606294,-314.64846058,233.994404694,4.27360646212,-2.39986157417,0.0815618261695,-0.0308496002108,0.0751280486584
1031967670704908672,08222194+5328146,-146.314711409,-309.148558399,179.644232698,5.56655777357,-0.879709005356,0.0171582419425,0.268285006285,0.0126596968621
1032081057840831104,08271101+5410494,81.687722979,-136.050808275,368.009967571,2.71731770365,-1.25346159935,0.0154222110286,0.112579002976,0.0175126008689
678598441856664320,08325831+2450012,47.6928223667,-100.817073469,512.675938725,1.95054989802,-2.45276165009,0.0381238646805,0.252638995647,0.0453443415463
3080210322598944128,08351237+0327594,144.422883852,-162.155693486,219.825358186,4.54906571405,-0.544239044189,0.0161635559052,0.189864993095,0.0131162758917
703028632450584192,08393803+2631433,120.47881485,-230.579742409,185.499361052,5.39085414811,-0.65807902813,0.0138823799789,0.237985000014,0.00984930247068
703028632450584192,08393803+2631433,120.47881485,-230.579742409,185.499361052,5.39085414811,-0.65807902813,0.0138823799789,0.237985000014,0.00984930247068
690419295663797760,08442470+2447483,-114.512859488,-348.212425908,138.955834747,7.19653119874,-1.33254897594,0.0480835773051,0.254965007305,0.0742458030581
1093220673214868224,08482064+6726599,54.4479204058,-93.9252870281,564.740899817,1.7707235306,-1.3437615633,0.0122050354257,0.259709000587,0.0145930266008
693354334578031872,08564869+2834541,-125.551959949,-141.864630152,358.582725023,2.78875676438,-1.02734899521,0.0259131509811,0.209545001388,0.028782363981
1036171790853094272,08581244+5557243,29.227562323,-66.3506028705,723.853675878,1.38149467679,-1.31456160545,0.0156872980297,0.318428993225,0.0179615877569
578483544461448192,08592268+0341579,90.0828777748,-108.74092025,709.813112578,1.40882153665,-1.05106151104,0.02684542723,0.106878995895,0.0251034591347
577364653940674432,09033133+0225081,71.9590380794,-243.873538854,198.011403128,5.05021420082,-1.25496149063,0.0189714040607,0.352509021759,0.0205065570772
580265062535943296,09051442+0451474,-10.3278288402,-152.150271026,370.991003863,2.69548315077,-0.569779038429,0.0238414742053,0.076370999217,0.0245138015598
686872305511971072,09102778+2230434,2.26300036546,-72.3968232098,880.647176407,1.13552853718,-0.705188989639,0.0256848856807,0.181814998388,0.0254755504429
1011379899590855936,09104809+4622370,-8.2422256552,-223.191070234,453.49838352,2.20507952473,-1.35526156425,0.0476163998246,0.0268290005624,0.0388554409146
635129661969402624,09114276+1757236,42.1063136238,-75.0031023947,744.636281843,1.3429375178,-1.59486150742,0.0273405574262,0.132798999548,0.0290748886764
638654425665507584,09183871+2220468,62.5878163296,-147.161240491,433.925182048,2.30454474958,-1.20374894142,0.0271008461714,0.164294987917,0.0272574946284
817920553805491456,09213037+4416399,-20.1362888264,-90.0126069458,590.332782715,1.6939597957,-0.818261563778,0.0248237289488,0.232139006257,0.0221947357059
798855537577732352,09341699+3614584,14.653116711,-172.676834542,377.080257399,2.65195533412,-1.74506151676,0.0227444767952,0.249409005046,0.0262732487172
798855537577732352,09341699+3614584,14.653116711,-172.676834542,377.080257399,2.65195533412,-1.84416151047,0.0199530478567,0.274668991566,0.0244058519602
798855537577732352,09341699+3614584,14.653116711,-172.676834542,377.080257399,2.65195533412,-1.74506151676,0.0227444767952,0.249409005046,0.0262732487172
798855537577732352,09341699+3614584,14.653116711,-172.676834542,377.080257399,2.65195533412,-1.84416151047,0.0199530478567,0.274668991566,0.0244058519602
800701823758272768,09443785+3836387,212.262890184,-239.833504692,220.178938913,4.5417604651,-1.00584900379,0.0198488347232,0.110665000975,0.0250764992088
616955799914152704,09545357+1630148,28.410760886,-72.3500979969,733.812788869,1.3627453966,-0.783781528473,0.0140909263864,0.215418994427,0.0147002460435
793401341425993984,09550634+3255513,-135.935190529,-263.659488846,254.493962981,3.92936629336,-1.68646156788,0.0478369668126,0.213278993964,0.045006737113
623000365088049920,09570077+1703148,41.8489639078,-85.6906976183,817.647910632,1.22302030861,-1.23186159134,0.0125535018742,0.241538986564,0.0148127507418
809953286392559488,10071188+4515161,30.5955407126,-203.403717652,280.168350989,3.5692825277,-1.16116154194,0.0157788768411,0.136019006371,0.0173585619777
755775022731464576,10214484+3818591,-109.700269544,-105.652667729,392.477737477,2.54791521789,-0.935199022293,0.0227672681212,0.0526920035481,0.0273565910757
3887709361598800384,10251135+1523142,-65.0741063159,-2.13656245839,976.095615985,1.02448979754,-0.854369044304,0.0210527777672,0.24075499177,0.0160296130925
833493795983661312,10262569+4631099,108.24652045,-369.190258673,195.806945714,5.10707113251,-1.3711489439,0.0298137832433,0.188914999366,0.029761640355
749345697207764096,10301718+3334228,2.09145588183,-61.5409090382,824.932079653,1.21222101148,-1.62716150284,0.0634979605675,0.316829025745,0.0503543950617
3857833427353671808,10393813+0404548,-71.0651266544,-93.0220934428,963.3937855,1.03799714618,-1.90046155453,0.0199293382466,0.235568985343,0.0247106086463
836835276243529728,10394065+5045024,-72.0128800867,-181.10737992,302.892056819,3.30150618838,-0.535189032555,0.0195141453296,0.189224988222,0.0186569392681
830984847896578304,10472319+4526134,41.91819279,-193.314932823,287.170827099,3.48224786655,-0.808071553707,0.0157231334597,0.119718998671,0.0157789904624
781714387520981120,10532175+4323508,-104.098049359,-193.877647855,329.40179347,3.03580617903,-0.910719037056,0.0172422844917,0.0974749997258,0.0130519084632
781714387520981120,10532175+4323508,-104.098049359,-193.877647855,329.40179347,3.03580617903,-0.910719037056,0.0172422844917,0.0974749997258,0.0130519084632
832531448430581888,10535373+4914167,-94.0987258273,-73.0663533814,591.547146547,1.69048233237,-1.7935615778,0.0175034012645,0.281449019909,0.0218059476465
832531448430581888,10535373+4914167,-94.0987258273,-73.0663533814,591.547146547,1.69048233237,-1.89396154881,0.0172606129199,0.265419006348,0.0219698660076
832531448430581888,10535373+4914167,-94.0987258273,-73.0663533814,591.547146547,1.69048233237,-1.7935615778,0.0175034012645,0.281449019909,0.0218059476465
832531448430581888,10535373+4914167,-94.0987258273,-73.0663533814,591.547146547,1.69048233237,-1.89396154881,0.0172606129199,0.265419006348,0.0219698660076
781931511002696448,10595749+4446439,-100.30859389,-219.161360536,602.242717365,1.66046009552,-1.71326160431,0.0183834191412,0.26211899519,0.0222476180643
781931511002696448,10595749+4446439,-100.30859389,-219.161360536,602.242717365,1.66046009552,-1.7079615593,0.0181735046208,0.226468995214,0.0220280587673
781931511002696448,10595749+4446439,-100.30859389,-219.161360536,602.242717365,1.66046009552,-1.77636158466,0.0171684063971,0.206889003515,0.0213907714933
781931511002696448,10595749+4446439,-100.30859389,-219.161360536,602.242717365,1.66046009552,-1.76566159725,0.0174546763301,0.229589000344,0.0216289963573
781931511002696448,10595749+4446439,-100.30859389,-219.161360536,602.242717365,1.66046009552,-1.71326160431,0.0183834191412,0.26211899519,0.0222476180643
781931511002696448,10595749+4446439,-100.30859389,-219.161360536,602.242717365,1.66046009552,-1.7079615593,0.0181735046208,0.226468995214,0.0220280587673
781931511002696448,10595749+4446439,-100.30859389,-219.161360536,602.242717365,1.66046009552,-1.77636158466,0.0171684063971,0.206889003515,0.0213907714933
781931511002696448,10595749+4446439,-100.30859389,-219.161360536,602.242717365,1.66046009552,-1.76566159725,0.0174546763301,0.229589000344,0.0216289963573
781931511002696448,10595749+4446439,-100.30859389,-219.161360536,602.242717365,1.66046009552,-1.71326160431,0.0183834191412,0.26211899519,0.0222476180643
781931511002696448,10595749+4446439,-100.30859389,-219.161360536,602.242717365,1.66046009552,-1.7079615593,0.0181735046208,0.226468995214,0.0220280587673
781931511002696448,10595749+4446439,-100.30859389,-219.161360536,602.242717365,1.66046009552,-1.77636158466,0.0171684063971,0.206889003515,0.0213907714933
781931511002696448,10595749+4446439,-100.30859389,-219.161360536,602.242717365,1.66046009552,-1.76566159725,0.0174546763301,0.229589000344,0.0216289963573
781931511002696448,10595749+4446439,-100.30859389,-219.161360536,602.242717365,1.66046009552,-1.71326160431,0.0183834191412,0.26211899519,0.0222476180643
781931511002696448,10595749+4446439,-100.30859389,-219.161360536,602.242717365,1.66046009552,-1.7079615593,0.0181735046208,0.226468995214,0.0220280587673
781931511002696448,10595749+4446439,-100.30859389,-219.161360536,602.242717365,1.66046009552,-1.77636158466,0.0171684063971,0.206889003515,0.0213907714933
781931511002696448,10595749+4446439,-100.30859389,-219.161360536,602.242717365,1.66046009552,-1.76566159725,0.0174546763301,0.229589000344,0.0216289963573
831609885892678016,11013117+4751126,123.824205961,-490.094632246,130.994605576,7.63390214126,-1.39354896545,0.0204883981496,0.368014991283,0.0199860651046
831609885892678016,11013117+4751126,123.824205961,-490.094632246,130.994605576,7.63390214126,-1.39354896545,0.0204883981496,0.368014991283,0.0199860651046
831609885892678016,11013117+4751126,123.824205961,-490.094632246,130.994605576,7.63390214126,-1.39354896545,0.0204883981496,0.368014991283,0.0199860651046
3985420589136674048,11014938+2031259,-54.5307871396,-81.3721011026,972.862373061,1.02789462075,-2.14366149902,0.0355177149177,0.275749027729,0.0395628549159
3868484641304433408,11034106+1118016,-115.200202123,-37.9875209425,490.583862311,2.03838747424,-1.92084896564,0.0427346900105,0.180314987898,0.0669669359922
832006259829874816,11042311+4901268,119.431156294,-174.964255122,332.421366024,3.00823022287,-1.07996153831,0.0142095312476,0.126239001751,0.0157669484615
832006259829874816,11042311+4901268,119.431156294,-174.964255122,332.421366024,3.00823022287,-1.05756151676,0.0144513482228,0.118958994746,0.0158728137612
832006259829874816,11042311+4901268,119.431156294,-174.964255122,332.421366024,3.00823022287,-1.07996153831,0.0142095312476,0.126239001751,0.0157669484615
832006259829874816,11042311+4901268,119.431156294,-174.964255122,332.421366024,3.00823022287,-1.05756151676,0.0144513482228,0.118958994746,0.0158728137612
3992318615852139392,11143181+2333094,18.4505801251,-166.860188685,344.049162855,2.90656135217,-1.47346150875,0.0307591985911,0.221178993583,0.0309624783695
3791953890368136320,11162517-0027141,-22.3488763226,-65.4458453071,744.478363967,1.34322238013,-0.48126155138,0.0111886058003,0.153488993645,0.0114630712196
789895514245227904,11212354+4846084,84.5959751367,-233.829131377,228.040420259,4.38518749819,-1.38124895096,0.0326326824725,0.21018499136,0.0266886148602
789895514245227904,11212354+4846084,84.5959751367,-233.829131377,228.040420259,4.38518749819,-1.38124895096,0.0326326824725,0.21018499136,0.0266886148602
3978869320901320576,11253967+2117030,-53.197290625,-58.51897026,817.304915066,1.22353356938,-0.672711551189,0.0105049852282,-0.0128560010344,0.0114124100655
838679092819133568,11260646+5141177,7.35776647569,-104.685018717,494.457259275,2.02241949378,-1.18876159191,0.0131168449298,0.172699004412,0.0152233541012
838679092819133568,11260646+5141177,7.35776647569,-104.685018717,494.457259275,2.02241949378,-1.20646154881,0.0129590537399,0.150548994541,0.0151335923001
838679092819133568,11260646+5141177,7.35776647569,-104.685018717,494.457259275,2.02241949378,-1.18876159191,0.0131168449298,0.172699004412,0.0152233541012
838679092819133568,11260646+5141177,7.35776647569,-104.685018717,494.457259275,2.02241949378,-1.20646154881,0.0129590537399,0.150548994541,0.0151335923001
3978856053747266560,11272954+2130389,-101.505657287,-30.163354733,808.91253018,1.2362276052,-1.4551615715,0.0146912196651,0.216408997774,0.0176392681897
3978856053747266560,11272954+2130389,-101.505657287,-30.163354733,808.91253018,1.2362276052,-1.40536153316,0.0150219881907,0.184799000621,0.0177572909743
3978856053747266560,11272954+2130389,-101.505657287,-30.163354733,808.91253018,1.2362276052,-1.4551615715,0.0146912196651,0.216408997774,0.0176392681897
3978856053747266560,11272954+2130389,-101.505657287,-30.163354733,808.91253018,1.2362276052,-1.40536153316,0.0150219881907,0.184799000621,0.0177572909743
4022618712476736896,11294849+3004025,-69.3293779502,-53.4961635108,639.72971287,1.56316015949,-1.47896158695,0.0424765944481,0.347738981247,0.0368851460516
841160278247154944,11352885+5351134,31.8971593974,-131.594967896,405.323495392,2.46716514431,-0.670641541481,0.0218447931111,0.217098996043,0.0198955964297
841160278247154944,11352885+5351134,31.8971593974,-131.594967896,405.323495392,2.46716514431,-0.662241518497,0.0146665750071,0.196149006486,0.0145478872582
841160278247154944,11352885+5351134,31.8971593974,-131.594967896,405.323495392,2.46716514431,-0.670641541481,0.0218447931111,0.217098996043,0.0198955964297
841160278247154944,11352885+5351134,31.8971593974,-131.594967896,405.323495392,2.46716514431,-0.662241518497,0.0146665750071,0.196149006486,0.0145478872582
840140034535888128,11400884+5243332,-2.79315741215,-239.630480521,220.55130717,4.53409237439,-1.06914889812,0.0212960205972,0.382934987545,0.0212940499187
840140034535888128,11400884+5243332,-2.79315741215,-239.630480521,220.55130717,4.53409237439,-1.08874893188,0.0225677192211,0.367464989424,0.02218323946
840140034535888128,11400884+5243332,-2.79315741215,-239.630480521,220.55130717,4.53409237439,-1.06914889812,0.0212960205972,0.382934987545,0.0212940499187
840140034535888128,11400884+5243332,-2.79315741215,-239.630480521,220.55130717,4.53409237439,-1.08874893188,0.0225677192211,0.367464989424,0.02218323946
791739944999454720,11401831+5115404,32.9070595659,-143.344363819,365.536868973,2.73570215451,-0.702849030495,0.0195533260703,0.208645001054,0.020397040993
791739944999454720,11401831+5115404,32.9070595659,-143.344363819,365.536868973,2.73570215451,-0.811339020729,0.0186189115047,0.278624981642,0.0198337715119
791739944999454720,11401831+5115404,32.9070595659,-143.344363819,365.536868973,2.73570215451,-0.702849030495,0.0195533260703,0.208645001054,0.020397040993
791739944999454720,11401831+5115404,32.9070595659,-143.344363819,365.536868973,2.73570215451,-0.811339020729,0.0186189115047,0.278624981642,0.0198337715119
3572694195000456448,11445119-1439090,-41.8089668825,-64.2534084396,700.736302334,1.42707034967,-1.80284893513,0.0449016578496,0.183194994926,0.0809723883867
791249665893533568,11463514+5052547,-868.814524348,-544.26500315,70.7543717933,14.1334022853,-1.43306159973,0.0201592016965,0.195998996496,0.0223098453134
791249665893533568,11463514+5052547,-868.814524348,-544.26500315,70.7543717933,14.1334022853,-1.44596159458,0.0179907660931,0.161948993802,0.0205047093332
791249665893533568,11463514+5052547,-868.814524348,-544.26500315,70.7543717933,14.1334022853,-1.43306159973,0.0201592016965,0.195998996496,0.0223098453134
791249665893533568,11463514+5052547,-868.814524348,-544.26500315,70.7543717933,14.1334022853,-1.44596159458,0.0179907660931,0.161948993802,0.0205047093332
3912005716714761216,11552715+0907449,-50.5977173842,-38.6326233657,916.100809042,1.0915829242,-2.24486160278,0.0194354951382,0.324669003487,0.0257381610572
3999520898050866304,11582080+2038412,-108.132485019,-53.1529037789,589.976621249,1.69498241792,-1.34304893017,0.0283972248435,0.172124996781,0.0280857458711
3951211277703834368,12052096+1940445,-199.205851063,-83.662365011,365.783651958,2.73385646036,-1.48196148872,0.0452237762511,0.27935898304,0.0383707731962
4030401781628156928,12120517+3720235,-118.603655223,-82.022810859,477.437702539,2.09451410034,-1.39776158333,0.0146275190637,0.192439004779,0.0173643901944
3950606030912407424,12122276+1941563,-7.76409852327,-65.6017758163,937.562499906,1.0665955604,-0.516781568527,0.0121566932648,0.0256309993565,0.0123488046229
1538656541845737856,12192454+4434582,-98.9180140001,-28.294616762,898.895177114,1.11247676643,-1.21866154671,0.0255621597171,0.197199001908,0.025691922754
1533044393979519616,12214419+3958089,-60.2103074223,-328.053563885,162.881891108,6.13941791317,-0.715299010277,0.0185468308628,0.236804991961,0.0127951353788
1533044393979519616,12214419+3958089,-60.2103074223,-328.053563885,162.881891108,6.13941791317,-0.715299010277,0.0185468308628,0.236804991961,0.0127951353788
3908797891540201344,12232152+1320561,-7.76603840666,-104.22310848,491.838740198,2.03318673027,-0.550471544266,0.00909487530589,0.223449006677,0.00991308502853
1535676654880693248,12242950+4408525,-12.3276351314,-169.856639457,471.601281281,2.12043529077,-1.47866153717,0.0263184327632,0.562938988209,0.0274755358696
1535676654880693248,12242950+4408525,-12.3276351314,-169.856639457,471.601281281,2.12043529077,-1.47866153717,0.0263184327632,0.562938988209,0.0274755358696
3675441288872569088,12443963-0748355,-48.419791596,-22.4167079212,926.856737293,1.07891539195,-1.90796160698,0.0409843958914,0.325308978558,0.0423393920064
3525736595998110464,12512523-1329276,-273.284065134,-321.316456026,196.513308414,5.08871387934,-1.2554615736,0.0142736230046,0.295908987522,0.0164707805961
1555472403960996352,13034808+4848106,-57.6825067079,-50.8919227325,888.052506674,1.1260595432,-1.58256149292,0.014687073417,0.288109004498,0.0180654004216
1554196489438794368,13060638+4711558,-19.8735347191,-167.350081715,391.724084081,2.55281725234,-0.971621572971,0.0270059872419,0.0661059990525,0.0247336067259
1554196489438794368,13060638+4711558,-19.8735347191,-167.350081715,391.724084081,2.55281725234,-0.971621572971,0.0270059872419,0.0661059990525,0.0247336067259
1461066480175878912,13090031+2820411,7.30658029235,-152.224008393,391.713619423,2.55288545104,-1.03184890747,0.0241945646703,0.131145000458,0.0220216885209
1461066480175878912,13090031+2820411,7.30658029235,-152.224008393,391.713619423,2.55288545104,-1.03184890747,0.0241945646703,0.131145000458,0.0220216885209
1522481695009696256,13093067+3725436,-97.9927465718,-63.3629194876,538.330143684,1.85759614566,-0.838641524315,0.0258650872856,0.130238994956,0.0230177119374
1459969201930111616,13144875+2724038,-35.5847681154,-89.3343888037,915.411286859,1.09240514549,-1.43686151505,0.0138947637752,0.287208974361,0.016778787598
1463509079616458496,13161075+3146434,48.9931457936,-538.344699116,124.674821313,8.02086571667,-0.876008987427,0.0185938607901,0.0718620046973,0.0135882915929
1469548353390801152,13273104+3257183,-1.97750438494,-61.1730011282,926.673641866,1.07912856784,-0.388471543789,0.0115667246282,0.0605589970946,0.0115430597216
1468648192668089728,13320138+3212483,-97.74793357,-80.4114282344,635.171797557,1.57437720605,-1.54806149006,0.0155853312463,0.277438998222,0.0188625380397
1448782427032021632,13330819+2710250,-48.2208440513,-83.4105761082,573.909858904,1.74243391098,-0.36332154274,0.0157716032118,0.157668992877,0.0144756389782
1448782427032021632,13330819+2710250,-48.2208440513,-83.4105761082,573.909858904,1.74243391098,-0.316861540079,0.0164646562189,0.153309002519,0.0147417448461
1448782427032021632,13330819+2710250,-48.2208440513,-83.4105761082,573.909858904,1.74243391098,-0.36332154274,0.0157716032118,0.157668992877,0.0144756389782
1448782427032021632,13330819+2710250,-48.2208440513,-83.4105761082,573.909858904,1.74243391098,-0.316861540079,0.0164646562189,0.153309002519,0.0147417448461
1470846906686088192,13381574+3454128,-17.8950398077,-208.149843964,289.805605264,3.45058888385,-0.979351520538,0.0118616884574,0.242028996348,0.0134342033416
1454740062071816576,13395246+2750228,-75.1298045982,-150.987622274,450.853263364,2.21801655053,-1.65696156025,0.0438488386571,0.348828971386,0.041995935142
1454836234977197056,13433713+2831179,-84.7863872497,-52.5625418437,580.128566523,1.72375583225,-0.60115903616,0.0215697083622,0.244724988937,0.0210372526199
1454836234977197056,13433713+2831179,-84.7863872497,-52.5625418437,580.128566523,1.72375583225,-0.676178991795,0.0166173297912,0.235844999552,0.0174978598952
1454836234977197056,13433713+2831179,-84.7863872497,-52.5625418437,580.128566523,1.72375583225,-0.60115903616,0.0215697083622,0.244724988937,0.0210372526199
1454836234977197056,13433713+2831179,-84.7863872497,-52.5625418437,580.128566523,1.72375583225,-0.676178991795,0.0166173297912,0.235844999552,0.0174978598952
6295320345285768448,13441194-1635502,-43.6027028914,-35.1725223418,972.578544808,1.02819459193,-0.386208981276,0.0202704556286,0.0724310055375,0.0175461024046
1471541630532452224,13455215+3653309,52.5064049521,-122.337410451,371.372019085,2.69271767556,-0.590449035168,0.0185647755861,0.23586499691,0.0174403004348
1451410908361624064,13464496+2655502,0.898178902032,-77.9550594153,694.65781033,1.43955770039,-0.291038990021,0.011309152469,0.100914999843,0.00670042540878
1451410908361624064,13464496+2655502,0.898178902032,-77.9550594153,694.65781033,1.43955770039,-0.291038990021,0.011309152469,0.100914999843,0.00670042540878
1451555837737711872,13485213+2740093,-235.095009008,-198.94714995,217.476578983,4.59819629625,-0.841891527176,0.0213035978377,0.107528999448,0.0195433292538
1497021781714255488,13515802+4002269,27.9054806375,-96.9527706895,747.83645496,1.33719076326,-1.90186154842,0.0206671450287,0.245219007134,0.0254189576954
3664595018981199744,13534834+0211191,-102.07283664,-12.1212734833,805.625824732,1.2412710334,-1.00696158409,0.0306703485548,0.15898899734,0.0270301997662
1502700140796560512,13590798+4456457,-27.3636828283,-283.737634857,220.514279662,4.53485371347,-0.457728981972,0.0137728750706,0.200014993548,0.0119193447754
1505814816719962752,14065711+4558440,15.0876665428,-74.4745933371,952.71752614,1.04962905852,-1.73456156254,0.0267760008574,0.229008987546,0.0299569219351
1505814816719962752,14065711+4558440,15.0876665428,-74.4745933371,952.71752614,1.04962905852,-1.6616615057,0.0327564030886,0.247829005122,0.0340579412878
1505814816719962752,14065711+4558440,15.0876665428,-74.4745933371,952.71752614,1.04962905852,-1.73456156254,0.0267760008574,0.229008987546,0.0299569219351
1505814816719962752,14065711+4558440,15.0876665428,-74.4745933371,952.71752614,1.04962905852,-1.6616615057,0.0327564030886,0.247829005122,0.0340579412878
1506387627917936896,14082554+4711096,-151.479626715,-10.5433506131,507.836450112,1.96913789819,-1.07506155968,0.0123206023127,0.156158998609,0.0141342505813
1492696921446339840,14221373+4323212,-135.654454487,-101.844249213,405.331569987,2.46711599601,-1.54786157608,0.0379640981555,0.31035900116,0.0368726439774
3641524825489233024,14230837-0557342,-22.445250493,-69.9624648944,781.46857746,1.27964198285,-0.759801566601,0.0142917940393,0.200899004936,0.0147712351754
1608385057107116800,14252363+5319221,-306.552261177,-458.19689176,126.869435379,7.88211910153,-2.19594883919,0.0380828380585,0.30134499073,0.0503660030663
1507111862483187200,14255634+4724088,-141.495122952,-189.261025833,249.367862615,4.01013983724,-0.66266900301,0.0144000332803,0.227184996009,0.0113770272583
1172564730809278976,14310379+0743435,-4.97972879543,-78.2290574743,628.003772139,1.59234712332,-0.698379039764,0.0166937634349,0.216964989901,0.0171367377043
1172913275995386880,14344281+0759379,-60.6203060636,-90.1127406649,637.686047192,1.56816979829,-0.531208992004,0.0151411928236,0.228495001793,0.0148371392861
1590760233223486336,14531026+4814485,-13.8908794472,-273.590641085,252.411586705,3.96178326461,-1.97236156464,0.0383940078318,0.389029026031,0.0411467775702
1590760233223486336,14531026+4814485,-13.8908794472,-273.590641085,252.411586705,3.96178326461,-1.91896152496,0.0313028544188,0.316668987274,0.0347045250237
1590760233223486336,14531026+4814485,-13.8908794472,-273.590641085,252.411586705,3.96178326461,-1.97236156464,0.0383940078318,0.389029026031,0.0411467775702
1590760233223486336,14531026+4814485,-13.8908794472,-273.590641085,252.411586705,3.96178326461,-1.91896152496,0.0313028544188,0.316668987274,0.0347045250237
1593405967435997184,14574348+5135342,-53.2812461882,-123.752723062,449.205505053,2.2261525933,-1.86426150799,0.0181953199208,0.278698980808,0.0228336434811
1261333870797241088,14591858+2039378,-168.748807218,-50.7717678726,307.021833514,3.25709734892,-2.00554895401,0.0443111285567,0.251444995403,0.0658584535122
1291799345139233024,15024748+3552160,-81.1180662245,-34.0588847336,761.287628997,1.31356396966,-2.33504891396,0.0853652730584,0.540314972401,0.18343269825
1213541261434134912,15062609+2054339,-39.1222770248,-142.341198756,768.423048248,1.30136648332,-2.22916150093,0.0512419305742,0.0985489934683,0.0545195527375
1288752735858092288,15074140+3224382,-137.873496061,-458.122954075,125.908479882,7.94227681039,-0.663809001446,0.0171891227365,0.174504995346,0.0160255245864
1278287373729625984,15142618+3300386,9.76693703855,-202.97605286,363.419646626,2.75163989973,-1.09356153011,0.0128457956016,0.143558993936,0.0146643863991
1272249822239622272,15214828+2933554,5.82329409371,-71.1768847359,735.941718828,1.35880325088,-0.517099022865,0.0214144382626,0.185764998198,0.0196907781065
1272249822239622272,15214828+2933554,5.82329409371,-71.1768847359,735.941718828,1.35880325088,-0.70002156496,0.0286395642906,0.0759690031409,0.0238657519221
1272249822239622272,15214828+2933554,5.82329409371,-71.1768847359,735.941718828,1.35880325088,-0.517099022865,0.0214144382626,0.185764998198,0.0196907781065
1272249822239622272,15214828+2933554,5.82329409371,-71.1768847359,735.941718828,1.35880325088,-0.70002156496,0.0286395642906,0.0759690031409,0.0238657519221
1270920066005836416,15254880+2720149,-18.9180892282,-170.519459511,420.395392425,2.37871303544,-0.60562902689,0.0204300638288,0.12974499166,0.0224807821214
1274012030141161984,15344201+3041174,-158.511260234,-17.4161788837,401.399460179,2.49128386858,-1.11514890194,0.0380743965507,0.292594999075,0.0491723529994
1272905577845713024,15375012+2909125,-52.3260292117,-61.3479710957,909.2273917,1.09983488083,-1.29696154594,0.0169784333557,0.289578974247,0.0190653633326
1221506158026965632,15411813+2512344,-147.883892002,-304.34435106,217.482226847,4.59807688425,-1.12674891949,0.0260854884982,0.185274988413,0.0199425984174
1273022194798363776,15442437+3006349,-133.621884034,-82.1437214165,518.748762541,1.92771544187,-2.39576148987,0.0707916617393,0.174529001117,0.0672517195344
1377650690504579584,15445935+3939526,5.30194542175,-127.794813366,585.801102551,1.70706404554,-1.09556150436,0.0143638718873,0.19310900569,0.0159534271806
1219413856118752896,15522045+2407105,-186.426785468,-157.930804356,341.29864747,2.92998524141,-1.52584898472,0.0519956275821,0.202924996614,0.0795252993703
1396845685331366912,15555069+4444155,-87.5994064947,-196.110417943,306.337941758,3.2643687369,-1.50556159019,0.03595039621,0.24987898767,0.0345559604466
1396845685331366912,15555069+4444155,-87.5994064947,-196.110417943,306.337941758,3.2643687369,-1.50556159019,0.03595039621,0.24987898767,0.0345559604466
4426625124710633856,15594624+0533067,-110.721425411,-210.061000655,328.623101977,3.04299969778,-1.62234890461,0.0350021123886,0.21574498713,0.0424261428416
4449641270335206912,16062260+0522427,-138.915921082,-101.402535173,358.265145142,2.79122882469,-1.49364900589,0.0640106648207,0.30461499095,0.10531462729
1321927441209183360,16081217+3102487,-111.519623613,-195.815712982,271.977550189,3.67677405472,-1.37884891033,0.0336690209806,0.251904994249,0.0489433854818
1321927441209183360,16081217+3102487,-111.519623613,-195.815712982,271.977550189,3.67677405472,-1.65806150436,0.0310914888978,0.346049010754,0.0326391719282
1321927441209183360,16081217+3102487,-111.519623613,-195.815712982,271.977550189,3.67677405472,-1.37884891033,0.0336690209806,0.251904994249,0.0489433854818
1321927441209183360,16081217+3102487,-111.519623613,-195.815712982,271.977550189,3.67677405472,-1.65806150436,0.0310914888978,0.346049010754,0.0326391719282
1315111465549783168,16082648+2523341,-112.280326615,-154.76234896,270.311546066,3.69943502063,-0.641939043999,0.0177775975317,0.218724995852,0.0173192806542
1315111465549783168,16082648+2523341,-112.280326615,-154.76234896,270.311546066,3.69943502063,-0.684679031372,0.0167067199945,0.22200499475,0.0163870211691
1315111465549783168,16082648+2523341,-112.280326615,-154.76234896,270.311546066,3.69943502063,-0.669889032841,0.0187468435615,0.186624988914,0.0179561078548
1315111465549783168,16082648+2523341,-112.280326615,-154.76234896,270.311546066,3.69943502063,-0.641939043999,0.0177775975317,0.218724995852,0.0173192806542
1315111465549783168,16082648+2523341,-112.280326615,-154.76234896,270.311546066,3.69943502063,-0.684679031372,0.0167067199945,0.22200499475,0.0163870211691
1315111465549783168,16082648+2523341,-112.280326615,-154.76234896,270.311546066,3.69943502063,-0.669889032841,0.0187468435615,0.186624988914,0.0179561078548
1315111465549783168,16082648+2523341,-112.280326615,-154.76234896,270.311546066,3.69943502063,-0.641939043999,0.0177775975317,0.218724995852,0.0173192806542
1315111465549783168,16082648+2523341,-112.280326615,-154.76234896,270.311546066,3.69943502063,-0.684679031372,0.0167067199945,0.22200499475,0.0163870211691
1315111465549783168,16082648+2523341,-112.280326615,-154.76234896,270.311546066,3.69943502063,-0.669889032841,0.0187468435615,0.186624988914,0.0179561078548
1423455314125024640,16172728+4923100,-53.1397385241,-85.963219803,606.673767802,1.64833235435,-1.09046149254,0.0120759988204,0.256308972836,0.0139523595572
1382054543811383808,16201235+4212110,-232.844653097,-291.375271326,150.208770144,6.65740088972,-1.21514892578,0.0177383087575,0.28422498703,0.0196393765509
1424537233567065856,16201544+5142569,-90.4810864092,-168.501075757,378.891060332,2.63928106175,-1.65354895592,0.0321992225945,0.190134987235,0.0369984209538
6049227828853204224,16233842-2437312,-91.9049046995,-103.636774529,631.329632341,1.58395859908,-1.70826148987,0.0175224654377,0.323789000511,0.021422771737
1302213506961225728,16235916+2405143,-72.1321170669,-144.234931314,449.905909452,2.22268696408,-0.604591548443,0.00961972586811,0.108639001846,0.0104925753549
1302213506961225728,16235916+2405143,-72.1321170669,-144.234931314,449.905909452,2.22268696408,-0.61158156395,0.00970614142716,0.122489005327,0.0105836270377
1302213506961225728,16235916+2405143,-72.1321170669,-144.234931314,449.905909452,2.22268696408,-0.614591538906,0.00976249668747,0.100588992238,0.0106371045113
1302213506961225728,16235916+2405143,-72.1321170669,-144.234931314,449.905909452,2.22268696408,-0.604591548443,0.00961972586811,0.108639001846,0.0104925753549
1302213506961225728,16235916+2405143,-72.1321170669,-144.234931314,449.905909452,2.22268696408,-0.61158156395,0.00970614142716,0.122489005327,0.0105836270377
1302213506961225728,16235916+2405143,-72.1321170669,-144.234931314,449.905909452,2.22268696408,-0.614591538906,0.00976249668747,0.100588992238,0.0106371045113
1302213506961225728,16235916+2405143,-72.1321170669,-144.234931314,449.905909452,2.22268696408,-0.604591548443,0.00961972586811,0.108639001846,0.0104925753549
1302213506961225728,16235916+2405143,-72.1321170669,-144.234931314,449.905909452,2.22268696408,-0.61158156395,0.00970614142716,0.122489005327,0.0105836270377
1302213506961225728,16235916+2405143,-72.1321170669,-144.234931314,449.905909452,2.22268696408,-0.614591538906,0.00976249668747,0.100588992238,0.0106371045113
1305866084588666752,16254476+2850475,-104.991269792,-196.143789748,291.617735459,3.42914671642,-1.52606153488,0.0431590639055,0.313498973846,0.0388489477336
1406378695954996352,16281688+4440387,-267.004680475,-691.74226965,86.2803998614,11.5901178206,-2.3738489151,0.0416702516377,0.324874997139,0.0781033784151
1406378695954996352,16281688+4440387,-267.004680475,-691.74226965,86.2803998614,11.5901178206,-2.43596148491,0.022813020274,0.302809000015,0.0308249406517
1406378695954996352,16281688+4440387,-267.004680475,-691.74226965,86.2803998614,11.5901178206,-2.3738489151,0.0416702516377,0.324874997139,0.0781033784151
1406378695954996352,16281688+4440387,-267.004680475,-691.74226965,86.2803998614,11.5901178206,-2.43596148491,0.022813020274,0.302809000015,0.0308249406517
1332622974928199424,16302361+3952256,-33.0552040264,-97.5490481188,812.649564958,1.23054271253,-1.26716160774,0.0176491793245,0.232308998704,0.0195097532123
4433711099194059904,16302844+0410411,-435.576860692,-1393.25777951,42.7689331023,23.3814576952,-0.601269006729,0.0171896070242,0.184804990888,0.018166096881
1357561341754433664,16404349+4255040,-5.82525420107,-96.7863252121,613.637285362,1.62962718181,-0.871191561222,0.0107938572764,0.0732790008187,0.0121731963009
1357561341754433664,16404349+4255040,-5.82525420107,-96.7863252121,613.637285362,1.62962718181,-0.839191555977,0.0108201438561,0.0786290019751,0.0121168131009
1357561341754433664,16404349+4255040,-5.82525420107,-96.7863252121,613.637285362,1.62962718181,-0.871191561222,0.0107938572764,0.0732790008187,0.0121731963009
1357561341754433664,16404349+4255040,-5.82525420107,-96.7863252121,613.637285362,1.62962718181,-0.839191555977,0.0108201438561,0.0786290019751,0.0121168131009
4378843579182858368,16480898-0229060,-83.2556594289,-71.4429757144,633.719530289,1.57798513728,-0.944829046726,0.0243539512157,0.249834984541,0.0273183770478
4572744241447044352,16594978+2511362,-178.002316233,-114.989165042,255.263695229,3.91751752674,-0.826319038868,0.0171908847988,0.239304989576,0.0134966978803
4276402630582499200,18225322+0113105,-54.1611438353,-156.956534723,351.366833499,2.84602843712,-1.94236159325,0.0243161637336,0.199838995934,0.0291172936559
2265206777438235776,19224922+7421272,-55.4701435954,-140.304138939,391.64453715,2.55333575511,-1.55116152763,0.0402746796608,0.239049002528,0.0366562902927
4228176122142169600,20401610+0033197,140.493427311,-139.514352807,260.695231605,3.83589678201,-1.34366154671,0.0318841338158,0.290839016438,0.0293924603611
2690693420628895232,21071366+0104019,6.16632393387,-107.443156562,520.818185812,1.92005584145,-2.21096158028,0.0213038362563,0.222688987851,0.0278794951737
1770025433649684608,21333033+1246583,-9.53521547048,-83.9488534335,606.298267354,1.64935322076,-1.52946150303,0.0150540405884,0.321859002113,0.0182696096599
2688226082176208256,21333429+0107415,62.8233157481,-142.205309407,391.714355558,2.55288065349,-1.43994891644,0.0484900586307,0.320254981518,0.0748657956719
2688113962054816128,21333657+0023436,245.257117457,-28.8729846738,290.566396154,3.44155419634,-2.03526163101,0.0493596754968,-0.0562070012093,0.0486770905554
2614075700898200704,22040104-1115189,64.8716079374,-2.43467273023,927.525375178,1.07813761948,-1.21636152267,0.0214812513441,0.216949000955,0.0223663952202
2612247904551451264,22094144-1336194,-40.3748054365,-84.9004610506,685.41817886,1.45896334653,-1.24096155167,0.011703136377,0.27254897356,0.0138664813712
2615640172800796672,22160687-0940032,74.4100865468,-176.736358235,455.234019779,2.19667238509,-0.531709015369,0.0183108802885,0.0617780014873,0.0155338337645
2626567188077168896,22205868-0432156,68.0886795496,-2.38742221153,772.634039528,1.29427380731,-0.748901546001,0.0117203034461,0.0923890024424,0.0126176550984
2599375196075285632,22244360-1424334,77.7405727166,-13.4216578601,792.347816329,1.26207200852,-0.778211534023,0.0332689248025,-0.00694799982011,0.0271895639598
2602197955956475648,22251065-1152416,61.976397183,-84.9266579069,478.296288703,2.09075425342,-0.521749019623,0.0198198687285,0.149604991078,0.017906088382
2626650579162197248,22253335-0401306,-10.0118165509,-244.676459786,226.382882154,4.41729511739,-0.813169002533,0.0162679329515,0.211254999042,0.0184049084783
2621647698176501632,22293218-0724060,-47.910623598,-92.777470325,475.316236394,2.10386248866,-0.744539022446,0.0201578885317,0.142294988036,0.0214973706752
2595012784907936640,22304068-1654345,35.0868369703,-120.581823254,434.32353029,2.30243109171,-1.12656152248,0.0126251298934,0.164738997817,0.0145717561245
2594768143570922752,22345455-1708277,52.5931039525,-3.68463649025,959.785936896,1.0418989918,-0.500821530819,0.00926651991904,0.247259005904,0.00968849193305
1876832405487235328,22452292+2521239,46.5026099661,-40.7543315378,907.523251875,1.10190014188,-9999.99023438,-999.989990234,-9999.99023438,-999.989990234
2711701166529551360,22520370+0646350,77.6799724721,-6.66842563505,851.32071357,1.17464544684,-1.62376153469,0.0383437797427,0.140119001269,0.0376634784043
2651460165689243648,23093293+0042385,-221.34206632,-1295.64076441,75.0734559258,13.3202872795,-1.68074893951,0.0339611321688,0.195394992828,0.0398005396128
2435684753950184448,23395711-0937001,6.82005976892,-188.207560012,360.849121913,2.77124132851,-2.31336164474,0.0662503838539,0.277139008045,0.065073736012
2643293921032969088,23494036+0122495,-151.578136317,-351.774862903,160.377178454,6.23530111728,-0.389838993549,0.0132064837962,0.150444999337,0.00668376823887
2341287798055460352,23544930-2103166,8.21323809145,-73.8103759662,802.618215103,1.245922384,-0.792199015617,0.0243790186942,0.339814990759,0.0252913814038
